71.289
68.418
69.31
68.511
70.705
70.054
70.313
70.436
69.313
70.74
70.878
70.572
69.888
70.316
71.176
69.553
69.93
69.483
70.582
71.2
70.886
69.742
70.572
69.47
69.571
68.638
70.88
69.478
69.843
69.163
70.839
69.916
70.286
70.574
69.138
70.208
70.242
70.279
71.211
70.695
70.91
69.681
70.761
69.286
68.905
70.35
70.185
70.285
70.264
69.211
70.826
69.799
68.772
69.91
70.238
69.914
69.863
69.634
69.948
70.761
69.696
69.752
70.484
70.045
70.886
70.018
70.022
70.089
69.255
69.684
69.879
69.07
70.918
69.526
69.884
70.322
70.282
71.287
69.331
70.157
70.666
70.613
70.53
69.848
70.674
70.59
69.426
70.529
69.588
69.965
71.271
70.852
70.438
71.066
69.577
69.744
69.592
70.904
68.627
70.052
44.601
44.995
44.078
44.491
43.824
45.117
44.163
44.044
45.152
44.956
44.962
44.313
45.329
44.795
44.323
45.65
45.19
44.079
44.949
45.05
44.02
44.758
44.807
42.484
44.919
